0.7058441063956075
0.6060180213788281
0.5883424511260312
0.5775230534212745
0.5729670868781598
0.5655362599569819
0.568647420681689
0.5644111602526644
0.5599216051885615
0.5587468692304
0.5577196148426636
0.5547432265365901
0.5512726555537918
0.5505620068668023
0.5504369693605796
0.5509598570187455
0.5475400769678147
0.5450458220489647
0.5439261514693499
0.5408797576699568
0.5420302911459104
0.5421725534226584
0.5385376474941554
0.540310787037015
0.5378399582822686
0.5433159434115109
0.5464807879989562
0.5376504367298406
0.5345620419020238
0.5361244323784891
0.5347919542666363
0.5315735949122388
0.5295490243512652
0.5280032239692367
0.5286361694173969
0.5277514758965244
0.5251852619745161
0.5240949406895948
0.5237136355236821
0.5248278886403727
0.5261057886578466
0.5208718034074359
0.5188590830758862
0.5176130493535943
0.5183818571917389
0.5143481229796357
0.5141888553195674
0.5164257735823807
0.5150939354915982
0.5157502803789533
