0.7010698974456476
0.6035189747648395
0.5918759229876425
0.5862384893648003
0.5723955531645081
0.5681331255675658
0.5650323243082865
0.5600984439091838
0.5593439647522958
0.5587688895833233
0.5558707421726506
0.5555552172110133
0.5536976410480945
0.551694865298012
0.5497570681669142
0.5524893949699142
0.5478291437839684
0.5464880855187125
0.5448135231500086
0.5433204093057177
0.5426291141497053
0.40775123246661993
0.3458720143155559
0.34082903895203187
0.3380032123025993
0.34023176113386516
0.3409067689157698
0.3367251472385681
0.333926095019864
0.3332345633484099
0.3340734446664219
0.3309838590009705
0.33054217056411767
0.3280423237820682
0.3291675475142572
0.32780082212032186
0.3251066784495893
0.3245236835968883
0.3226566227233928
0.3224833611722874
0.32016635171907104
0.3187084742214369
0.31840351519539306
0.31604284497544816
0.31589968032811
0.3142547615520332
0.31756878947920125
0.3147213495862873
0.3099145127217407
0.30847088332571415
